1995860
1879434
1879436
1879435
1879433
1879432
1879431
1995861
1995862
1879437
1559397
1559398
1559395
1559396
1559399
1879439
1879438
1351943
1879440
1879430
1569365
1569367
1569362
1569363
1569369
1569396
1570179
1569392
1569395
1829891
1780943
1840943
1351901
1821976
1339949
1339943
1829892
1560943
1560949
1537997
1537998
1880943
1537996
1537999
1839489
1367930
1539064
1539069
1830936
1830943
1537942
1889301
1889300
1537943
1368943
1830937
1537944
1368944
1539338
1559308
1559309
1556985
1783441
1361930
1879443
1879442
1559335
1559336
1556984
1539359
1365933
1539339
1539349
1539404
1550943
1363930
1364930
1839499
1335932
1829868
1829867
1869430
1829869
1713943
1717935
1717936
1713949
1313943
1869431
1319586
1778944
1870698
1778958
1778943
1869433
1869432
1778942
1869435
1717939
1999430
1829486
1732638
1732639
1829487
1309927
1732645
1732644
1309928
1829485
1859373
1829481
1860943
1829480
1859306
1829483
1829484
1730943
1829482
1779436
1779435
1779438
1779437
1329933
1329106
1329104
1779434
1779433
1779439
1332127
1575193
1570943
1571930
1330943
1779442
1779441
1576936
1779443
1327034
1669416
1320943
1320949
1669415
1669417
1870943
1870699
1669418
1669419
1322041
1779430
1580943
1779432
1779431
1829879
1660943
1323943
1829878
1829877
1889302
1510143
1510144
1510141
1510142
1510145
1810943
1519300
1510943
1890943
1510140
1509578
1509579
1839387
1509577
1509713
1509716
1811943
1509714
1509715
1519301
1520943
1889430
1390943
1520942
1839431
1521390
1521391
1839432
1889415
1889446
1519304
1519305
1519302
1519303
1519306
1519309
1889454
1519307
1519308
1899398
1899399
1899396
1899397
1818943
1471719
1471926
1818944
1470936
1899395
1899339
1899338
1899359
1452843
1815393
1459648
1459649
1459646
1459647
1471927
1814151
1891943
1479378
1479379
1813998
1500943
1839386
1839384
1839385
1479377
1471929
1839376
1471928
1980943
1815218
1814373
1479376
1815217
1815216
1521418
1534699
1534903
1534367
1819805
1534908
1803466
1820943
1534943
1534944
1533989
1388426
1388425
1388428
1388427
1388424
1388421
1388420
1388423
1388422
1535200
1383000
1990943
1383002
1383001
1800943
1889304
1889303
1800942
1380930
1383003
1537441
1383009
1535229
1535240
1383008
1383005
1383004
1383007
1383006
1839309
1529304
1819448
1839311
1529305
1889385
1809314
1529306
1836896
1819439
1819431
1819432
1521419
1819430
1819433
1819437
1819438
1819434
1819436
1809313
1389302
1389301
1389304
1389303
1389300
1533943
1388429
1533708
1533709
1389305
1533605
1533608
1530943
1808943
1808942
1389307
1389306
1389309
1389308
1829491
1739436
1829492
1770446
1829493
1829496
1739413
1999619
1739412
1841979
1739435
1739411
1999435
1302874
1735818
1735819
1829499
1302873
1739747
1739410
1829494
1302872
1829495
1999616
1829489
1739431
1829498
1739432
1739430
1738943
1738942
1829488
1738944
1304290
1829490
1739434
1999433
1999434
1829497
1750943
1308590
1999432
1999431
1999617
1999618
1739433
1739602
1739438
1739439
1839430
1841957
1760949
1841933
1841964
1841958
1850943
1303415
1760943
1841943
1739437
1770943
1303416
1364932
1879498
1994425
1879497
1839329
1373932
1537916
1786610
1537922
1879496
1839328
1380932
1537910
1800932
1996878
1367932
1839472
1841999
1537911
1879495
1537914
1537915
1784882
1537912
1819320
1550932
1537913
1989324
1789932
1819327
1819328
1788082
1989323
1880932
1839492
1539324
1539320
1539321
1367931
1819325
1539052
1539323
1539322
1819326
1830942
1891932
1813991
1500932
1839332
1994424
1813990
1813989
1989320
1819323
1819322
1819324
1819329
1989322
1989321
1839483
1819321
1879474
1815220
1560932
1815221
1769360
1769359
1780942
1821982
1815222
1568297
1780932
1560942
1303414
1879428
1879427
1821962
1351932
1302876
1879429
1351902
1840932
1821972
1879426
1879425
1995869
1471915
1471914
1471913
1471917
1471916
1338932
1996877
1471911
1471910
1996875
1996876
1471912
1569321
1569322
1569323
1568298
1339932
1569320
1821992
1569329
1338942
1569324
1569326
1569328
1839325
1821529
1814152
1821526
1821527
1821528
1559323
1559324
1559325
1559320
1559321
1559322
1556965
1556966
1821520
1556962
1556963
1556964
1821524
1362932
1821525
1821521
1821522
1821523
1783421
1783420
1830932
1479333
1783429
1783422
1771872
1479331
1479330
1479332
1771870
1771871
1783432
1841942
1760932
1559326
1559327
1559328
1479336
1479335
1479334
1479373
1479372
1814372
1537442
1759373
1759372
1759371
1841909
1759375
1759374
1819449
1510180
1510179
1510183
1510182
1510181
1521395
1521396
1521397
1521392
1521393
1521394
1811932
1841911
1841910
1521398
1521399
1510932
1889392
1399320
1399321
1529324
1529325
1839440
1399325
1809329
1809328
1399322
1399323
1399324
1999574
1999575
1999576
1510178
1510177
1999573
1529321
1529322
1529323
1999577
1529320
1999578
1841912
1519323
1519324
1519325
1519320
1519321
1519322
1519329
1890932
1519347
1519326
1519327
1519328
1839321
1839320
1839326
1839324
1839323
1839322
1769395
1769396
1841962
1841952
1769393
1769394
1999570
1999571
1999572
1839427
1520932
1889436
1841924
1889412
1841913
1841925
1390932
1889422
1391969
1391970
1391971
1519348
1810932
1391968
1839424
1839425
1839426
1391972
1889444
1839419
1989329
1989328
1989327
1502585
1502584
1534932
1803468
1841993
1990932
1534942
1841992
1989326
1770932
1502592
1534682
1534369
1534672
1819802
1502586
1739603
1534802
1502591
1820932
1534692
1383026
1383025
1383024
1383029
1383028
1383027
1383020
1535232
1839471
1383023
1383022
1383021
1841994
1889322
1889321
1820942
1889324
1889323
1989325
1502583
1839392
1889320
1535203
1535204
1808932
1399328
1399329
1999579
1529428
1529429
1399327
1769391
1759328
1769390
1759329
1769392
1530932
1809324
1809323
1809322
1809327
1809326
1809325
1529425
1529426
1529427
1809321
1809320
1399326
1770440
1509550
1509549
1841972
1839327
1533932
1509547
1533972
1509546
1750932
1509548
1841987
1759326
1533606
1533607
1769389
1769388
1759327
1759322
1759321
1759320
1759325
1759324
1759323
1996879
1871966
1871965
1871968
1871967
1871964
1850932
1660932
1738933
1738932
1580946
1580947
1999328
1999329
1874093
1582582
1871969
1874092
1582581
1871963
1669320
1669321
1323932
1669302
1669322
1669325
1307936
1669323
1669324
1660942
1307934
1871962
1769357
1871961
1769355
1769302
1323942
1769356
1471702
1330932
1829320
1829321
1829322
1899320
1999320
1829323
1829324
1841809
1739322
1841807
1841808
1576932
1739320
1576942
1471703
1739321
1829325
1999324
1999325
1829327
1829328
1829329
1738935
1738934
1999326
1999327
1470942
1329107
1899321
1580932
1304294
1829326
1999323
1999321
1999322
1669326
1869321
1869320
1869323
1869322
1313932
1775202
1775201
1850942
1775203
1899328
1815392
1775226
1775225
1734416
1453854
1313942
1453855
1869324
1453853
1732519
1774880
1732517
1732518
1774881
1774884
1859062
1774882
1774883
1818932
1311932
1775200
1860932
1730932
1732515
1732516
1310944
1452842
1779322
1779321
1779324
1779323
1779320
1870932
1778952
1320932
1769320
1669329
1839342
1669327
1669328
1779329
1779326
1779325
1779328
1779327
1778951
1314194
1314176
1315010
1899324
1314175
1775227
1899327
1899325
1899326
1829402
1735812
1319582
1869436
1735811
1735810
1315011
1899322
1899323
1879320
1829305
1879324
1739324
1570172
1879329
1879328
1879325
1769358
1739327
1840946
1739323
1571962
1739325
1980932
1829304
1879322
1879323
1879321
1839372
1570932
1336932
1879326
1841803
1739328
1332132
1829306
1841805
1841806
1841804
1841802
1739329
1739326
1879327
1389398
1389399
1535227
1389390
1821975
1840941
1535228
1990941
1879403
1389393
1836894
1535241
1389391
1389392
1836895
1389394
1829864
1389397
1770941
1389395
1389396
1891929
1739448
1860941
1537941
1537940
1980941
1338941
1500941
1829478
1739447
1819416
1739445
1819414
1819415
1819418
1739446
1830941
1819417
1660941
1537447
1819413
1510147
1510146
1829475
1839380
1829476
1323941
1510148
1739449
1850941
1323947
1889411
1737062
1510149
1800941
1829477
1989407
1989406
1870941
1989408
1989403
1989402
1989405
1989404
1869410
1739608
1530941
1889355
1388406
1388407
1339941
1388405
1778941
1459645
1808940
1829378
1533706
1533707
1750941
1841900
1841988
1869438
1989401
1989400
1870692
1808941
1829379
1570176
1534677
1879400
1529364
1534947
1889383
1760941
1820941
1529365
1529366
1879401
1871954
1829865
1879402
1871951
1803469
1871953
1871952
1534691
1534688
1569302
1839462
1320941
1829866
1839457
1315005
1570941
1989409
1534909
1569306
1780941
1569303
1534902
1534901
1999613
1539402
1539403
1738940
1539369
1539400
1539401
1999615
1351942
1810941
1839498
1891941
1890941
1351941
1539368
1779415
1390941
1520941
1510944
1779413
1779414
1520940
1859307
1470941
1730941
1809393
1809394
1774581
1571967
1309931
1559306
1471718
1362931
1779440
1559307
1309930
1573090
1573091
1839412
1839411
1576938
1783440
1999412
1889456
1332124
1452841
1550941
1738941
1999413
1739429
1739428
1899368
1999414
1999415
1899369
1819412
1999410
1774580
1471919
1779410
1999411
1510940
1880941
1999614
1739441
1739442
1819411
1829479
1739440
1819410
1471918
1539063
1537995
1859374
1539062
1510941
1779411
1779412
1510942
1309954
1980954
1816914
1810954
1759524
1520954
1759544
1530959
1530954
1560959
1775244
1389534
1779542
1829504
1775234
1769514
1759514
1734125
1730959
1779540
1759506
1529696
1779541
1759534
1529694
1850954
1512184
1889524
1889516
1512194
1389504
1889514
1850959
1361954
1715956
1769646
1769644
1980964
1750954
1997653
1336954
1510969
1452874
1816169
1389544
1816154
1815244
1715954
1319504
1560954
1759504
1859504
1859519
1889504
1769504
1779548
1829554
1809537
1809536
1809526
1779549
1829556
1779547
1819504
1522624
1769634
1338954
1716954
1819506
1769636
1819524
1390954
1840954
1520264
1389514
1816918
1816956
1819544
1840956
1816954
1819543
1819540
1819541
1819542
1809540
1520964
1510954
1510959
1890954
1779544
1809546
1779543
1997654
1711406
1860954
1711407
1510964
1730954
1860959
1717954
1779546
1313954
1809543
1809542
1809541
1569504
1816917
1734126
1779545
1338959
1829564
1809544
1816919
1809545
1880954
1789954
1328959
1820954
1840864
1332354
1399544
1781114
1363954
1815256
1781118
1570954
1839524
1370954
1570956
1840846
1840964
1328954
1820959
1994444
1781124
1590969
1829524
1840847
1781134
1500954
1800954
1840959
1846504
1550955
1839504
1739542
1739543
1739544
1780964
1739540
1739541
1846508
1846524
1770954
1846517
1880964
1994445
1990954
1784824
1846514
1550954
1846516
1760954
1840868
1999541
1580959
1364952
1325964
1879534
1999540
1999544
1582539
1300795
1580964
1580969
1582534
1879524
1364957
1364956
1364954
1846544
1879504
1879514
1571954
1580954
1829529
1840844
1364953
1399504
1537967
1537966
1820969
1590964
1999558
1476054
1537954
1550084
1570964
1999559
1820964
1537959
1500864
1846536
1590954
1590957
1788774
1300794
1325954
1846534
1899541
1899542
1829534
1999557
1840968
1739545
1830956
1576954
1830954
1870954
1329959
1830964
1819549
1819548
1470954
1815253
1669507
1815254
1999504
1980969
1576964
1320954
1340954
1815259
1815255
1839506
1669504
1479504
1770959
1869544
1869542
1829514
1669527
1669530
1869541
1869539
1323954
1399524
1869540
1330954
1819545
1399534
1572954
1839514
1470964
1470966
1819547
1899540
1303795
1307954
1819546
1669519
1459707
1459706
1780954
1346964
1899543
1459708
1362954
1329954
1399514
1559539
1500964
1739546
1660954
1739549
1550964
1739547
1459709
1739548
1771186
1780959
1781139
1829544
1500959
1760959
1815257
1815258
1459705
1351954
1899544
1739559
1989504
1559554
1989514
1559545
1739554
1559544
1346954
1534954
1870964
1534959
1899353
1814155
1891945
1899356
1899352
1479375
1479374
1760935
1471708
1810935
1899350
1899351
1899355
1899354
1890935
1470945
1459626
1769354
1459625
1839394
1813973
1813974
1502595
1459624
1459620
1769350
1510135
1471712
1459623
1459622
1459621
1471945
1471947
1471946
1509560
1509561
1769352
1509563
1509562
1509545
1509703
1509704
1769353
1509702
1502599
1509700
1509701
1890945
1500935
1891935
1510935
1510192
1839395
1841934
1452854
1471963
1452845
1471964
1471962
1810945
1471961
1510945
1510191
1769305
1841929
1471960
1510139
1510136
1510137
1510138
1841945
1760946
1470935
1813972
1760945
1500945
1500944
1839375
1569354
1569355
1569352
1569353
1569356
1569359
1879354
1569357
1569358
1569351
1879360
1879359
1879362
1879361
1879358
1879355
1569350
1879357
1879356
1575199
1576935
1571936
1575195
1576945
1738953
1738952
1576946
1738954
1571935
1879351
1879350
1879353
1879352
1840945
1570942
1570945
1570174
1570935
1568273
1559354
1559355
1559352
1559353
1559356
1559359
1771869
1559357
1559358
1559351
1739414
1879459
1739416
1739415
1879458
1879455
1559350
1879457
1879456
1739352
1780935
1780945
1739353
1560935
1739350
1568272
1739351
1560945
1739354
1771875
1739359
1771873
1771874
1739358
1739355
1840935
1739357
1739356
1860945
1860935
1734412
1734411
1774894
1859377
1859376
1859379
1859378
1775215
1869351
1869350
1869353
1869352
1869345
1775217
1775216
1775219
1775218
1732634
1732635
1733994
1733993
1732636
1859065
1859061
1732637
1850945
1733995
1774582
1774585
1859375
1730935
1774893
1859301
1859300
1774586
1730945
1869355
1779356
1779355
1779358
1779357
1779354
1779351
1669304
1779353
1779352
1660945
1874099
1738945
1738951
1738950
1874098
1660935
1779359
1580935
1580945
1778935
1778934
1778955
1850935
1778933
1869359
1869356
1869385
1869365
1870935
1669350
1669351
1669305
1779350
1669352
1735816
1870945
1669353
1735817
1809352
1809351
1809353
1759336
1809350
1529350
1529351
1839439
1889389
1889395
1526890
1889405
1809357
1809356
1809355
1759338
1759337
1809354
1759339
1530935
1530945
1809312
1889375
1808949
1889353
1839450
1530949
1889354
1529434
1529354
1759335
1529352
1529353
1759334
1529432
1529433
1529430
1529431
1809358
1519359
1889451
1519357
1519358
1889450
1889435
1841965
1889447
1520935
1519356
1889459
1519350
1839408
1841955
1519351
1519354
1519355
1519352
1519353
1521416
1521417
1521414
1521415
1759353
1759350
1809359
1759352
1759351
1521413
1520946
1889425
1520944
1520945
1769351
1521411
1521412
1889417
1521410
1537949
1880945
1537947
1537948
1789935
1539051
1539055
1880935
1539050
1537946
1537929
1537931
1800935
1839480
1537932
1537935
1537945
1537933
1537934
1784885
1550935
1539358
1539409
1550945
1783442
1783435
1556974
1556975
1539357
1539350
1539351
1839490
1788085
1539352
1539355
1539356
1539353
1539354
1800945
1739748
1808935
1750935
1841986
1533975
1534675
1839455
1534365
1839454
1770441
1889350
1841975
1889352
1889351
1750945
1533945
1533971
1533935
1533940
1535214
1535236
1535212
1535213
1535237
1770945
1537801
1535238
1537445
1535211
1534695
1534805
1839456
1534685
1534905
1805414
1770935
1534935
1805415
1899357
1999358
1999359
1383059
1999357
1320945
1388408
1820935
1819356
1383058
1383054
1383055
1383052
1383053
1999355
1999356
1383056
1383057
1388409
1388456
1388457
1388455
1320935
1319599
1319595
1388458
1388459
1388454
1388452
1301413
1388450
1388451
1388453
1301417
1301415
1301416
1383051
1980935
1990945
1373936
1830945
1820945
1829350
1380935
1980945
1373935
1368935
1368945
1332135
1332125
1329936
1329935
1330945
1330935
1829351
1323935
1999353
1829358
1999352
1829359
1383050
1999354
1990935
1829357
1829354
1829355
1829352
1829353
1323945
1829356
1999350
1999351
1319593
1307937
1313935
1313945
1819420
1989359
1989358
1307939
1308595
1839315
1829417
1829418
1829415
1829416
1307933
1307935
1829419
1836898
1390935
1989350
1819359
1310945
1989351
1819355
1819357
1819358
1819354
1311935
1989356
1989355
1989357
1390945
1989352
1311948
1989354
1989353
1819353
1389356
1389357
1389354
1389355
1829854
1829855
1389358
1389359
1389353
1315016
1315015
1319592
1315017
1389351
1389352
1829853
1389350
1399359
1829412
1829413
1399351
1399350
1819351
1819352
1829414
1819350
1399352
1399356
1829410
1399358
1399357
1399354
1399353
1829411
1399355
1363935
1339935
1996853
1336935
1339945
1996852
1996854
1362935
1821977
1335935
1818935
1818940
1821978
1361935
1818941
1364935
1338945
1996851
1818946
1351945
1351946
1818945
1336940
1818942
1821985
1351935
1339948
1830935
1996850
1821995
1365935
1996874
1995905
1351905
1335930
1338935
1899358
1829894
1365934
1367936
1821965
1995906
1367935
1829893
1840937
1710148
1389376
1559329
1821967
1710149
1889407
1889408
1389373
1389374
1389371
1389372
1889409
1389375
1780947
1829376
1389378
1836899
1389377
1313949
1869348
1889397
1389379
1780937
1529326
1529328
1361937
1869349
1529329
1821979
1713937
1529327
1313948
1869367
1568269
1879376
1879377
1556976
1556977
1556978
1879378
1529378
1879379
1529377
1783443
1362937
1529379
1869398
1869397
1869396
1829377
1315019
1879374
1879375
1879471
1879470
1339940
1879473
1879472
1889377
1560947
1339947
1560937
1869372
1869371
1560948
1869370
1529347
1889386
1389370
1869368
1529349
1529348
1529375
1529374
1529373
1783437
1339942
1529376
1529372
1869376
1869375
1869373
1889380
1869387
1869377
1313947
1311946
1311945
1311937
1559379
1519349
1860937
1559378
1310947
1559377
1730937
1859372
1859371
1859370
1519376
1519375
1519374
1519379
1519378
1519377
1519373
1860947
1860946
1860942
1519372
1519371
1519370
1774892
1732632
1732633
1309939
1732514
1732630
1732631
1309937
1559371
1559372
1383078
1859067
1559374
1559370
1774890
1839409
1859303
1730947
1859305
1774891
1819370
1732511
1732512
1732513
1559376
1559375
1732510
1717937
1829896
1829897
1989372
1989374
1989373
1829895
1989371
1889423
1809370
1559349
1989370
1829898
1559348
1559373
1313937
1989379
1713947
1351907
1715937
1819379
1989377
1989376
1989375
1819378
1819377
1989378
1809371
1351937
1390947
1520937
1390937
1819376
1819375
1819374
1889442
1351947
1351948
1819373
1819372
1819371
1809374
1809375
1716937
1809372
1889428
1809373
1829899
1809379
1809384
1520947
1809376
1809377
1809378
1839468
1383016
1383017
1569379
1383014
1383015
1383018
1569377
1323946
1569376
1569378
1323949
1383019
1539326
1380937
1788087
1839474
1779370
1539325
1539335
1535246
1660937
1839470
1539336
1539337
1535247
1660947
1569371
1805410
1889328
1569373
1889327
1569372
1889329
1805413
1534945
1365937
1805411
1805412
1569370
1535219
1535218
1535217
1569375
1323940
1535220
1323937
1990937
1539348
1569374
1539345
1539346
1539347
1800947
1575190
1570937
1880947
1537980
1880937
1789937
1330947
1570178
1329938
1329937
1330937
1537937
1576947
1367939
1571937
1332137
1367937
1539058
1539057
1571939
1537983
1537982
1537981
1332129
1332126
1570947
1335937
1779376
1839476
1779375
1779378
1779377
1990947
1839475
1779373
1779372
1779371
1800937
1336937
1779374
1335939
1840947
1373937
1329934
1329932
1580937
1779419
1839477
1820947
1779379
1779418
1779417
1779416
1550947
1870947
1363937
1320937
1533937
1999378
1339937
1879370
1870937
1319598
1999379
1533704
1533700
1808936
1996872
1338947
1533949
1533948
1533947
1533942
1821987
1808937
1550937
1996871
1829371
1996870
1319597
1870691
1778957
1889367
1889362
1889363
1889364
1879373
1829374
1778947
1829375
1319591
1319590
1829373
1889356
1530942
1530937
1829372
1530947
1879371
1889357
1889361
1319594
1879372
1889358
1889359
1889360
1364937
1534900
1669349
1999370
1669348
1383070
1383071
1534807
1999373
1383073
1383074
1999371
1383072
1999372
1534937
1829876
1338937
1365936
1336947
1996873
1821997
1534907
1534906
1669347
1829875
1829874
1820937
1534697
1320947
1534490
1533988
1829871
1999376
1320948
1533987
1533977
1320940
1829370
1784887
1829870
1320942
1338943
1669370
1383079
1383075
1383076
1383077
1889336
1829873
1999375
1829872
1889337
1819807
1999374
1739378
1509723
1509724
1839397
1750947
1471948
1471951
1739379
1760937
1471949
1471950
1813977
1739374
1980947
1739372
1739373
1813976
1739377
1734413
1739376
1500937
1739375
1760947
1760948
1770448
1771866
1810947
1815390
1739419
1829859
1739418
1301410
1739417
1750937
1509722
1399370
1760942
1890947
1891937
1771867
1509721
1771868
1301419
1301418
1818949
1818947
1399376
1510175
1510173
1510174
1399377
1980937
1470939
1850937
1510176
1308596
1839388
1399373
1302875
1818938
1818937
1470937
1510171
1510172
1510170
1399374
1399375
1459632
1459631
1399371
1459634
1459633
1813979
1818948
1739371
1813978
1459630
1739370
1399372
1399378
1500947
1500949
1500948
1459638
1399379
1459635
1307938
1459637
1459636
1304296
1452852
1769327
1738939
1452851
1509568
1770947
1814157
1452850
1841907
1453850
1737068
1891947
1471709
1737069
1307931
1307930
1770937
1307932
1733974
1899374
1899373
1759370
1899375
1890937
1899370
1850947
1899372
1899371
1899376
1733973
1509565
1509567
1509566
1810937
1899378
1899377
1452847
1899379
1774587
1891942
1891946
1471713
1510937
1453859
1739749
1774589
1769307
1841917
1841989
1774588
1739609
1999317
1999318
1779427
106482543
1879313
1999316
1573097
106482542
1330949
106482533
1573098
1779426
106482532
106482531
1759354
106482544
1999319
106482527
106482526
106482545
1879314
1759318
1759319
106482546
106482547
1999312
106482530
1999313
1779428
1779429
1829319
106482528
1580931
106482529
1829318
1329931
106482536
106482537
106482535
1330942
1330944
1759358
1871981
1759356
1871982
1576934
106482534
1779420
1759357
1999314
1779422
1779421
1576939
1330941
1576941
1779423
1330940
1871980
1871978
106482541
1759367
1879311
1759359
1879312
1759369
1759368
1575194
1330948
1330946
1999315
1871979
1759355
106482538
1779424
106482540
1879310
106482539
1779425
1330931
1841867
1739600
106486342
106486341
106486338
106486339
106486340
106486347
1841866
1770940
106486346
106486343
106486344
106486345
1669316
1669317
1669318
1669315
1669312
1669313
1669314
106486337
1770931
1322040
106486336
1669319
1322046
1322045
106486348
1770946
106486363
1770948
106486362
106486360
1770944
106486361
106486366
1841864
1669354
106486365
1770949
1841865
106486364
106486353
106486354
106486355
106486352
106486349
106486350
106486351
106486358
1770942
106486359
106486357
106486356
1841824
1841825
1669311
1841821
1323962
106482549
106482548
1323964
1841971
1323963
106482553
1841869
1750949
106482552
1660931
106482550
106482551
1759314
1323968
1759313
1759315
1759317
1759316
1323969
1759311
1759310
1841820
1323965
1759312
1323967
1323966
1750948
1841981
1841868
106486332
1750931
106482559
106486330
106486331
1322048
1841823
1669310
1323931
106486333
106486334
106486335
106482555
1750942
106482556
1750944
1841822
1750946
106482554
106482558
1660948
1660949
106482557
1660940
1660944
1750940
1568278
1568277
1568280
1568279
1760944
106477182
1568276
1568275
106477183
1568285
1568287
1568286
1568282
1568281
1568284
1568283
106477172
1779757
106477174
106477173
1779759
1779760
1779758
106477171
106477180
106477179
106477181
1568274
106477176
106477175
106477178
106477177
1569314
1569313
1569316
1569315
1841944
1569310
1569312
1569311
1829838
1829837
1569325
1821991
1569318
1569317
1829836
1569319
106477187
106477186
1760931
106477188
1568289
1568288
106477185
106477184
1569305
1829835
1569307
1339931
1841938
1841937
106477189
1779756
1879422
1879423
1879420
1879421
1769340
1769341
1879424
1769329
1769322
1769323
1821971
1769321
1769325
1829830
1769324
1840931
1769347
1769348
1351940
1351944
1769349
1715939
1351949
1559394
1769343
1769344
1821961
1769342
1769346
1830931
1351931
1769345
1779769
1829833
1779767
1779768
1829832
1769310
1339946
1780931
1779762
1779763
1779761
106477170
1829834
1779766
1779764
1779765
1780944
1769316
1780940
1769315
1769319
1829831
1769317
1769318
1769312
1840944
1560941
1769311
1560931
1769314
1769313
1821981
1829311
1829310
1829313
1829312
1841922
1570944
106482515
1841921
1571933
1571932
1829314
1571934
1999306
1841916
1571931
1841915
1335940
1335941
1769459
106482510
1335944
1335945
1335942
1335943
106482513
1335931
106482514
1841970
106482511
1570175
1570931
106482512
1879319
1999309
106482524
1879318
106482522
106482521
1332120
106482523
1879316
1829317
106482525
1879315
1999311
1999310
1879317
1829316
106482518
1999307
1332131
1332133
1841914
1829315
106482517
106482516
1332122
1999308
1841906
1332121
1332128
106482519
106482520
1571961
1999567
1336949
106482500
1336948
1999569
1338933
1999568
1338931
1336943
1336944
106482504
106482503
106482502
106482501
1336945
1336946
1569333
1569332
1841951
1569334
1569327
1829839
1569331
1829840
1338936
1338940
1829842
1829841
1569344
1569342
1569347
1338944
1769456
106482509
1769457
1569391
1569387
1779751
106482508
1779750
1335948
1335949
1335946
1335947
1840948
1769458
1840949
1336931
1769453
1841961
106482507
106482506
1769450
106482505
1769452
1769451
1779753
1569382
1569385
1779752
1769455
1769454
1779754
1779755
1669355
1735210
1717931
1735209
1717930
1869314
1869313
1869312
1735208
1717933
1735204
1869311
1735205
1735207
1717932
1735206
1869315
1716939
1869318
1869317
1735215
1735217
1735216
1841846
1841847
1735212
1869316
1735211
1313931
1735214
1735213
1841848
1313929
1773997
1734414
1308871
1308870
1735200
1773995
1773996
1718934
1718939
1313926
1313925
1718938
1718935
1718936
1718937
1735201
1735202
1313927
1869308
1869309
1735203
1313928
1869310
1869307
1718931
1718932
1718933
1718930
1869306
1869305
1869304
1735218
1829447
1715935
1715936
1715933
1715930
1715931
1715932
1775214
1775211
1313940
1829449
1775212
1736161
1775213
1829448
1829446
1713940
1713941
1736166
1713939
1713936
1736168
1736167
1736165
1713945
1869325
1736162
1713944
1713942
1736164
1736163
1736160
1716935
1735227
1735226
1735228
1735229
1716933
1869319
1735225
1716936
1735220
1735219
1735221
1735224
1735223
1735222
1716932
1736155
1773989
1773990
1736156
1736159
1736158
1736157
1773991
1773994
1716930
1716931
1999436
1773992
1773993
1775210
1732500
1732501
1732502
1731879
1731876
1731877
1731878
1732503
1732508
1732509
1733987
1732507
1732504
1732505
1732506
1731875
1310938
1774888
1310937
1733990
1733992
1310939
1733991
1733989
1731872
1731873
1731874
1731871
1310936
1731870
1733988
1733986
1309925
1309924
1309923
1774885
1774886
1309915
1309926
1309922
1309916
1309917
1850948
1309918
1309921
1309920
1309919
1774887
1310933
1310932
1310931
1310935
1733985
1733984
1733983
1310930
1999417
1999418
1999419
1999416
1733982
1733981
1733980
1774889
1724177
1724178
1724179
1724176
1860931
1311944
1724175
1311943
1311931
1311930
1308878
1308877
1311942
1311941
1311940
1773999
1860948
1308872
1773998
1860949
1313924
1313923
1313922
1313921
1860940
1308875
1308876
1308874
1860944
1313920
1308873
1308879
1310942
1730942
1310941
1730940
1310948
1309911
1310943
1730944
1309912
1309913
1309914
1730949
1310940
1730946
1730948
1310949
1729710
1729711
1729712
1859308
1309910
1859309
1729626
1729713
1729975
1729976
1730931
1729974
1729714
1729972
1729973
1841850
1778966
1700930
1829849
1829848
1841833
1778967
1700931
1701931
1701932
1701933
1701930
1700932
1700933
1700934
1870940
1841854
1841853
1870949
1841855
1841858
1841857
1841856
1870948
1829847
1870942
1320931
1870944
1841852
1841851
1870946
1701934
1772691
1772692
1772693
1772690
1841849
1778961
1778960
1302870
1869439
1869434
1302879
1841835
1841834
1302871
1319583
1702939
1778963
1778962
1702930
1870931
1701935
1778965
1778964
1702931
1702936
1702937
1702938
1702935
1702932
1702933
1702934
1301414
1841832
1999562
1999561
1841862
1841829
1841830
1841831
1999560
1300871
1300872
1320946
1999377
1829843
1829844
1300870
1841828
106486368
106486369
1669358
1669357
106486367
1669356
1841863
1999566
1739444
1841826
1841827
1999563
1999565
1669359
1999564
1300873
1300877
1300878
1841861
1300876
1779314
1779313
1300875
1779312
1779310
1829845
1829846
1841859
1300879
1841860
1779311
1779315
1669402
1669403
1669404
1669401
1779319
1779318
1669400
1669405
1669409
1779317
1779316
1300874
1669406
1669407
1669408
1303877
1773983
1773984
1303876
1303874
1841839
1303875
1773985
1303879
1999438
1999437
1303878
1841840
1841841
1773986
1303873
1772695
1772696
1772697
1772694
1739311
1739310
1869374
1869369
1773982
1710140
1710141
1773981
1772698
1772699
1773980
1841842
1829445
1736169
1869329
1869339
1850931
1841845
1829444
1869328
1713933
1869326
1713935
1713932
1869327
1713930
1713931
1841844
1869357
1849010
1849011
1869358
1841843
1315002
1315001
1869354
1829441
1829442
1829443
1829440
1849012
1773987
1773988
1739312
1706204
1706205
1849000
1706203
1706200
1706201
1706202
1706206
1849004
1849005
1849006
1849003
1706207
1849001
1849002
1869388
1869415
1869414
1869413
1869416
1869419
1869418
1869417
1869412
1869393
1841837
1705795
1869394
1869411
1869399
1841836
1849007
1707936
1707937
1707938
1739316
1739319
1739318
1739317
1707939
1739313
1869379
1869378
1841838
1739315
1739314
1869384
1303872
1849009
1706211
1707930
1706210
1849008
1706208
1706209
1707931
1999439
1303870
1303871
1707935
1707932
1707933
1707934
1818969
1805419
1534800
1519316
1519315
1519314
1534801
1805417
1519312
1805416
1818968
1519313
1805418
1839459
1391933
1391934
1391931
1391932
1820931
1391935
1519319
1519318
1519317
1391936
1391937
1391938
1500252
1839415
1839414
1391949
1818967
1818966
1391948
1839413
1990940
1990942
1500255
1500253
1500254
1830947
1391939
1391940
1990931
1519311
1534931
1519310
1391941
1391945
1391946
1391947
1391942
1391943
1391944
1391930
1533980
1533981
1533982
1839417
1839453
1391927
1533983
1989314
1534360
1534361
1533984
1533985
1533986
1889346
1819315
1391925
1391923
1391924
1819314
1889345
1533944
1989313
1391926
1808938
1815214
1819316
1534362
1819319
1471944
1471943
1819318
1819800
1819801
1471942
1500251
1391929
1534681
1471941
1471940
1500250
1808931
1391928
1989315
1815215
1889457
1839416
1989316
1534671
1836891
1819317
1534498
1534499
1989317
1537900
1537901
1899306
1980931
1511718
1899305
1537902
1511717
1537906
1537907
1537903
1537904
1537905
1511721
1511720
144010267
1511724
1511723
1511722
144010268
1991390
1839371
1991391
1511719
144010269
1990949
1537908
1511708
1511707
1500265
1471704
1839341
1818959
1511706
1511704
1511703
1511702
1511705
1899307
1899308
1511714
1511713
1511712
1537909
1511716
1511715
1521404
1500264
1471706
1471705
1511710
1991392
1511709
1990948
144010266
1899303
1889316
144010265
1810093
1810094
1889315
1810931
1535230
1535231
1899304
1839466
1839467
1818965
1500257
144010260
1535201
1535202
1500256
144010261
144010262
144010263
144010264
1889319
1889318
1889317
1889314
1800946
1990944
1800944
1511728
1800949
1800948
1511727
1511726
1800931
1511725
1380931
1800940
1990946
1500258
1500259
1500260
1889313
1889312
1889311
1500261
1500263
1839473
1511729
1889310
1500262
1830946
1891990
1891991
1889391
1476640
1891989
1476583
1390949
1839442
1389369
1389368
1891992
1815200
1839441
1529316
1529317
1529318
1529313
1529314
1529315
1529319
1390946
1390948
1476641
1390942
1819310
1390944
1389367
1889381
1815212
1815213
1389361
1814379
1389360
1839449
1814376
1814375
1889379
1891994
1814378
1814377
1839448
1815211
1891993
1389366
1389365
1839443
1520931
1889382
1839428
1389362
1389364
1889384
1389363
1529312
1815207
1815208
1815209
1819429
1521403
1815206
1839310
1891982
1891983
1891984
1815210
1891980
1891981
1521408
1521409
1819421
1521405
1521406
1521407
1819422
1819426
1819427
1819428
1819423
1819424
1819425
1891985
1815202
1815201
1889431
1839433
1889400
1390931
1889432
1819311
1529310
1529311
1889433
1390940
1819312
1815205
1889404
1889403
1521402
1521401
1819419
1891986
1815203
1889402
1889401
1891987
1891988
1815204
1389327
1889449
1389326
1389330
1389329
1389328
1389325
1389322
1389321
1389320
1389324
1389323
1839451
1391908
1391909
1389335
1889370
1819313
1391907
1389334
1389333
1389332
1389331
1391910
1391911
1530931
1839452
1391917
1391918
1391919
1391916
1389311
1889348
1391920
1391921
1391922
1533931
1389310
1889347
1533794
1391913
1389317
1889349
1389319
1391912
1389318
1391914
1389313
1389312
1391915
1389316
1389315
1389314
1889371
1529418
1529419
1529420
1529415
1529416
1529417
1529421
1389348
1389347
1389346
1529422
1529423
1529424
1809318
1809317
1809316
1809319
1839381
1989310
1809315
1529412
1529413
1529414
1389349
1989311
1529411
1389345
1391901
1389336
1391902
1809311
1809310
1391900
1891998
1391905
1391906
1889372
1891999
1391903
1391904
1389342
1891996
1891997
1389344
1389343
1891995
1389341
1389339
1389338
1389337
1839418
1989312
1389340
1373931
1811938
1811940
1459616
1550949
1879483
1879482
1500931
1879481
1879480
1811941
1811942
1363936
1811937
1821513
1879487
1821514
1879488
1811935
1821512
1821515
1879484
1550948
1879486
1363939
1879485
1879479
1459615
1459614
1459613
1821517
1821518
1821519
1459611
1459610
1783447
1891905
1459612
1891906
1821516
1363934
1363933
1879475
1879478
1879477
1879476
1556960
1811944
1363931
1783449
1783448
1363932
1821511
1399313
1399314
1399315
1399310
1399311
1399312
1399316
1399317
1399318
1786613
1365932
1365931
1788081
1365948
1365947
1365946
1366930
1365949
144022544
1365942
1365941
1365940
1365945
1365944
1365943
1399319
1510123
144022547
144022548
144022546
1510124
1784881
1510121
1879489
1510120
1510122
1550931
1821510
144022545
1510132
1510131
1510130
1510134
1786612
1510133
1510127
1510126
1510125
1510129
1364931
1510128
1351969
1351968
1351967
144022559
1360931
1360930
1452859
1452858
1351964
1509543
1351966
1351965
1360932
144022557
144022558
1360938
1891919
1815398
1815399
1360935
1360934
1360933
1360937
1360936
1783431
1351963
1452857
1452856
1452855
1509532
1509531
1509530
1891917
1891916
1511711
1891915
1818931
1891918
1509533
1351961
1509540
1509539
1509542
1509541
1351962
1509536
1509535
1509534
1509538
1351960
1509537
1839391
1811948
1811949
1361939
1811945
1811946
1811947
1559313
1559314
1559315
1559310
1559311
1559312
1500942
1891907
144022549
1891908
1783446
1783445
1783444
144022550
144022551
1556999
1899329
1815368
1815369
1891909
1361933
1815396
1361932
1891913
1815395
1891914
144022554
144022555
144022556
1815397
1361931
1360939
1891912
1559317
1559318
1559319
1559316
1500946
1891931
1891911
1361936
1361934
1891910
144022552
144022553
1366931
1391989
1391990
1810940
1899309
1391988
1890946
1367947
1367946
1510931
1391991
1839481
1391987
1994413
1391986
1789258
1789257
1994412
1470934
1818958
1994411
1391978
1810944
1470932
1813999
1880931
1470933
1789256
1470931
1789255
1810948
1810946
1470930
1899389
1367944
1991399
1994410
1880949
1367945
1991398
1989319
1367940
1367941
1367943
1367942
1899310
1994419
1880942
1880944
1818952
1994418
1818951
1899317
1899316
1890942
1880940
1391981
1818954
1391980
1810942
1818955
1818956
1899318
1470948
1470947
1818953
1880946
1899319
1899311
1994416
1994417
1391984
1899312
1391979
1994414
1818957
1391985
1789259
1994415
1391983
1367949
1818950
1890944
1391982
1880948
1789931
1899313
1367948
1899315
1899314
144022530
1539312
1539313
1539311
1391976
1539310
1539314
1391999
1539317
1391998
1539315
1539316
1891902
1891903
1891901
1391997
1891900
1789252
1891904
144022540
1789250
144022539
1789251
1366934
1511700
1839479
1366935
1890931
1366933
144022543
1366932
144022542
144022541
1511701
1366939
1366938
1500267
1839403
1991396
1366937
1500266
1991393
1991394
1366936
1991395
1815364
1789254
1890948
144022535
1815362
1815363
1391992
1391993
1811930
1815360
1539066
1890949
1810949
144022533
1839401
1815361
144022531
144022532
1989318
1500269
1391977
1839400
1991397
144022534
1500268
144022538
1890940
1839402
1391996
1811934
1391994
1391995
1789253
1815367
1815365
1815366
1811931
144022537
144022536
1739305
1739303
1302878
1739304
1303413
1390930
1502590
1891940
1302877
1739301
1502580
1309929
1739300
1521400
1859060
1509544
1739302
1889427
1502581
1502582
1839390
1869303
1869302
1510930
1839410
1869301
1850940
1730930
1869300
1500930
1890930
1479370
1850930
1839404
1479371
1839406
1839407
1737061
1839405
1399306
1739427
1739426
1399307
1399305
1399303
1399304
1814150
1399302
1889453
1399300
1889452
1308591
1399301
1860930
1399308
1739425
1399309
1829851
1512046
1889440
1889441
1839420
1512048
1813971
1512047
1313930
1738962
1738961
1738964
1738963
1738960
1520930
1889439
1891930
1829852
1512054
1512055
1771878
1512053
1512056
1500940
1810930
1738931
1738930
1989309
1304291
1813970
1512049
1512050
1829850
1771879
1512051
1512052
1575192
1830940
1839370
1879309
1576940
1368930
1879454
1368931
1573096
1821500
1879304
1879305
1879303
1879301
1879302
1879307
1879308
1841905
1879306
1330930
1789930
1841960
1539060
1999305
1537994
1783430
1999304
1999303
1570946
1539061
1821501
1537991
1537992
1537990
1470940
1571960
1821960
1841800
1841801
1537993
1332134
1879300
1759345
1471900
1759344
1759342
1759343
1759360
1874090
1839340
1830930
1980930
1383010
1471901
1471902
1660930
1471903
1759341
1800930
1759340
1537802
1537803
1874091
1879452
1879453
1351930
1471700
1329930
1841904
1537930
1373930
1995863
1580930
1759364
1759365
1759363
1759361
1759362
1326914
1326924
1471701
1759366
1326454
1453851
1569304
1840940
1569308
1339930
1569309
1556961
1841927
1879406
1569301
1569300
1769372
1769371
1841940
1769374
1769373
1550930
1821990
1784880
1821970
1760930
1879405
1559303
1559304
1559302
1560930
1559301
1841932
1560940
1821980
1559305
1780930
1995847
1995848
1995846
1841928
1995845
1841931
1559300
1995849
1362930
1769300
1994426
1999300
1841950
1539304
1570177
1539303
1769378
1769377
1769379
1821502
1336930
1539300
1539301
1351900
1999302
1880930
1999301
1539302
1570930
1453852
1840930
1839491
1365930
1821505
1786614
1786618
1338930
1786611
1821509
1821508
1821506
1821507
1821503
1821504
1829303
1769376
1769375
1829301
1829300
1829302
1788080
1786619
1809301
1809300
1989303
1809302
1530930
1819307
1533604
1533600
1819308
1870930
1809308
1989304
1899300
1778950
1319585
1809304
1809303
1809305
1809307
1809306
1779308
1779309
1779307
1899301
1779306
1841980
1388403
1388404
1533970
1879447
1779302
1819306
1779301
1320930
1779300
1779304
1779305
1533930
1750930
1779303
1839301
1839300
1529303
1529301
1529302
1989306
1315004
1989307
1836897
1819309
1839306
1839305
1839307
1889410
1839308
1839302
1529300
1839303
1839304
1989308
1818930
1315009
1529390
1529388
1529389
1829400
1809309
1869437
1841990
1829401
1778931
1778932
1778930
1889390
1737060
1770449
1452840
1770930
1989305
1739607
1388402
1769334
1322047
1889330
1803467
1879448
1669309
1322049
1769333
1769332
1534940
1759303
1759304
1759301
1759302
1759305
1759308
1759309
1759306
1759307
1535242
1535243
1471906
1471905
1383013
1383012
1383011
1537440
1471904
1769330
1669300
1899302
1323930
1669301
1879450
1535226
1769331
1879451
1535225
1990930
1841977
1534364
1534680
1819301
1819300
1669367
1669366
1669368
1820930
1669369
1819302
1819305
1534670
1808930
1388401
1388400
1819304
1819303
1989300
1989302
1989301
1534690
1669360
1669361
1534804
1534930
1820940
1759300
1669362
1669364
1669365
1669363
1739339
1739338
1769339
1769335
1769338
1739337
1989330
1879441
1899335
1839343
1453856
1818933
1899336
1841926
1769336
1769337
1813986
1813987
1813988
1452853
1453857
1453858
1899337
1989332
1989331
1769303
1471922
1471921
1471920
1471923
1841973
1471925
1471924
1980933
1839373
1471707
1759376
1759333
1759330
1759331
1759332
1770933
1739743
1739744
1739604
1479339
1479338
1479337
1739745
1815223
1815224
1815225
1814153
1739746
1841983
1750933
1759377
1819337
1769367
1819338
1819336
1819335
1500933
1891933
1819339
1899332
1899333
1899334
1839330
1899330
1899331
1839331
1841963
1819331
1841953
1819330
1759378
1759379
1470943
1819332
1760933
1769369
1769368
1769370
1819333
1819334
1841941
1739336
1537917
1999332
1999331
1999333
1874094
1373933
1326984
1537919
1874095
1999330
1580944
1537918
1999338
1999337
1999336
1829334
1829333
1999339
1830944
1999334
1829330
1999335
1829332
1829331
1537920
1789945
1573095
1789944
1789948
1789947
1789946
1789940
1368933
1789933
1789943
1789942
1789941
1576943
1789949
1779447
1537921
1580933
1330933
1575198
1779449
1368946
1576933
1779448
1368947
1829335
1889331
1322042
1990933
1669332
1669331
1669330
1535205
1535206
1535207
1383039
1383038
1383037
1534933
1889332
1669339
1534803
1889333
1820933
1669335
1669334
1669333
1669338
1669337
1669336
1383036
1829339
1380933
1800933
1535233
1660933
1537443
1582584
1582583
1829336
1829338
1829337
1582585
1323933
1383034
1383033
1669306
1669303
1383035
1383032
1383031
1383030
1803463
1803462
1871960
1996844
1996843
1996842
1996846
1821533
1996845
1559330
1840933
1559331
1996841
1996840
1821973
1879460
1821530
1821531
1879463
1879462
1879461
1996849
1996848
1996847
1821532
1780933
1560933
1559332
1783407
1783408
1783409
1783404
1783405
1783406
1821535
1821536
1821537
1821539
1821538
1821534
1821963
1351933
1559401
1559333
1351903
1559334
1783401
1783402
1783403
1559400
1830933
1783400
1879464
1570933
1335933
1829307
1879338
1879339
1570940
1539331
1539332
1539333
1367933
1336933
1539330
1539053
1879330
1879331
1880933
1571963
1332130
1879335
1879336
1879337
1879332
1879333
1879334
1539334
1556967
1556968
1556969
1821993
1550933
1339933
1568270
1362933
1783433
1556970
1821983
1568271
1364933
1569339
1569338
1788083
1994427
1784883
1994428
1994429
1569330
1569337
1569336
1569335
1391952
1391951
1391950
1512045
1391954
1391953
1311933
1519332
1519333
1730933
1519330
1519331
1810933
1890933
1859063
1733976
1733975
1850944
1512042
1512043
1512044
1309933
1512040
1512041
1775205
1775206
1889438
1311947
1889443
1775204
1313933
1839434
1889413
1520933
1390933
1889424
1774895
1519337
1774896
1519334
1519335
1519336
1860933
1774898
1774899
1519338
1519339
1774897
1733977
1738967
1738966
1738965
1509551
1738969
1738968
1989335
1989336
1989337
1509552
1509553
1509554
1739332
1739331
1739330
1739335
1739334
1739333
1989334
1502593
1839393
1303417
1303418
1989333
1399332
1399331
1399330
1399335
1399334
1399333
1510933
1733979
1733978
1308599
1811933
1734417
1399338
1304299
1399337
1989338
1989339
1399339
1509707
1509708
1850933
1399336
1509705
1509706
1529403
1529404
1529405
1809330
1809333
1809332
1809331
1778953
1778954
1319587
1829403
1315018
1829405
1829404
1529334
1809339
1809338
1529333
1529330
1529331
1529332
1529369
1809336
1809335
1889334
1809337
1529367
1529368
1779333
1779334
1779335
1779332
1808248
1779330
1779331
1819803
1534683
1534693
1779339
1779336
1779337
1779338
1533603
1533703
1320933
1870933
1319589
1530933
1530940
1534363
1836893
1534673
1808933
1533933
1533941
1533973
1524932
1524936
1869337
1869331
1869330
1524935
1524934
1524933
1869332
1869334
1869333
1869338
1839435
1775229
1839437
1524930
1775228
1839436
1524931
1889393
1816902
1809521
1816904
1829516
1830962
1781116
1784822
1781112
1781122
1809522
1816156
1816152
1840862
1819502
1815252
1769512
1829502
1769522
1830952
1815235
1829552
1816952
1815237
1815236
1809520
1770952
1781132
1816912
1840842
1769502
1820956
1769532
1829512
1839522
1820962
1809523
1839502
1769642
1769632
1779529
1779528
1779525
1779524
1779527
1779526
1788772
1771182
1819529
1820952
1819528
1775232
1775242
1840952
1829542
1819520
1829532
1789952
1789956
1840966
1809529
1809525
1809524
1809528
1780952
1840962
1800952
1829526
1839512
1810952
1779523
1779521
1779520
1829522
1779522
1730952
1389532
1522622
1572956
1520966
1859510
1389536
1859502
1572952
1389502
1389506
1734120
1571952
1389516
1522626
1389512
1850952
1576962
1390952
1715950
1576952
1520262
1711405
1390956
1520266
1715952
1520952
1389542
1520962
1520956
1717952
1716952
1860952
1389546
1734121
1351956
1361952
1534952
1351952
1569502
1363952
1361956
1362956
1534956
1846506
1846512
1346966
1846502
1846522
1351926
1351922
1846520
1990952
1989512
1372332
1372336
1570952
1570962
1989506
1989502
1846546
1569506
1529692
1363956
1530952
1846542
1370956
1846532
1370952
1870952
1669506
1669522
1669512
1452872
1452877
1669502
1870962
1890952
1899520
1512186
1899522
1899521
1510962
1510952
1512182
1510966
1500962
1660952
1476052
1590966
1479502
1500862
1500952
1500866
1590962
1459603
1459604
1459601
1459602
1470962
1590952
1459605
1470952
1899523
1399532
1399536
1399522
1399526
1980962
1869520
1399542
1399546
1399516
1580952
1580962
1711404
1711403
1399506
1399512
1582532
1399502
1889522
1899527
1889512
1899529
1899524
1869536
1899526
1899525
1512192
1869521
1869522
1980952
1582536
1889502
1512196
1869523
1869524
1759522
1999521
1999522
1328952
1999523
1323956
1303790
1325952
1999520
1325962
1300791
1750952
1759520
1332352
1319506
1301421
1329952
1330952
1301420
1330956
1303791
1307952
1307956
1320962
1537952
1320966
1880962
1880956
1880952
1320956
1320952
1323952
1537962
1999502
1313956
1313952
1309956
1309952
1537956
1537961
1537960
1300790
1739552
1346956
1879516
1879502
1879512
1759502
1760952
1340952
1338952
1879532
1879522
1346952
1879506
1340956
1997652
1336952
1332356
1759512
1346962
1319502
1560952
1336956
1899528
1829562
1879445
1519381
1786617
1556983
1519385
1559380
1519383
1519384
1519382
1784888
1550938
1539406
1539405
1879468
1783438
1556982
1556981
1556979
1879469
1519380
1559337
1559338
1879446
1559339
1889458
1879467
1879466
1889445
1879465
1509569
1509570
1509571
1502597
1559384
1502598
1559383
1509727
1559382
1509728
1509572
1509725
1509726
1559388
1500938
1559387
1889308
1559389
1891938
1559386
1891922
1891921
1891920
1891924
1559385
1891923
1810938
1890938
1783416
1783414
1783415
1510938
1783417
1783418
1783419
1559381
1512057
1512058
1512059
1510194
1510195
1510196
1783410
1509729
1510193
1783411
1783413
1839398
1510199
1783412
1510197
1510198
1529436
1537888
1537887
1889378
1537889
1529435
1529437
1530938
1530948
1537886
1529438
1529439
1889374
1529358
1529359
1529380
1839447
1529356
1529357
1529381
1529385
1529386
1529387
1529382
1529383
1529384
1808945
1537881
1889326
1535221
1534938
1534946
1537882
1535222
1537880
1889309
1537448
1839469
1535244
1535245
1533701
1800938
1533938
1537885
1808944
1533601
1533978
1534808
1537884
1537883
1534368
1534678
1534698
1539306
1809386
1539305
1809389
1809388
1809387
1539065
1809382
1809381
1539054
1809385
1520948
1809383
1519389
1839421
1839422
1519386
1519387
1519388
1839423
1520938
1539308
1539307
1788088
1539309
1889437
1809380
1524938
1524939
1889398
1839478
1889305
1524937
1889306
1889307
1839445
1839446
1889387
1529355
1839444
1537987
1537986
1537985
1520949
1537989
1537988
1537984
1889420
1889414
1537938
1880938
1789938
1889421
1336941
1821998
1338938
1336938
1330938
1332138
1335938
1338948
1821968
1995907
1995868
1995908
1821988
1339938
1995909
1319581
1999382
1999381
1999383
1829381
1829380
1999384
1999380
1322043
1323938
1326994
1829367
1320938
1829369
1829368
1351908
1365938
1994421
1367938
1364938
1995850
1362938
1363938
1994420
1368942
1373938
1820948
1368941
1368938
1830938
1368940
1995859
1351938
1995858
1995864
1995867
1995866
1995865
1995857
1995853
1995852
1995851
1361938
1995856
1995855
1995854
1829382
1308598
1310946
1311938
1308597
1304297
1304298
1308594
1313938
1829436
1829435
1829434
1829437
1313944
1829439
1829438
1999604
1999603
1999602
1999605
1999608
1999607
1999606
1999601
1829861
1829862
1304295
1829860
1999600
1303411
1303412
1829433
1999388
1999387
1999386
1999389
1314524
1315006
1315007
1999385
1829385
1829384
1829383
1829386
1829389
1829388
1829387
1829428
1829427
1829426
1829429
1829432
1829431
1829430
1829425
1829420
1314192
1314193
1829421
1829424
1829423
1829422
1899385
1899384
1899383
1899386
1999609
1899388
1899387
1839344
1899380
1452848
1839350
1899381
1839345
1899382
1839346
1839336
1399385
1399386
1839335
1399384
1839333
1839334
1399387
1839337
1839338
1839339
1980938
1399388
1399389
1980948
1839351
1479354
1479355
1479356
1479353
1471957
1471958
1479352
1479357
1814158
1839383
1891948
1814370
1479358
1479359
1814371
1459641
1470938
1471714
1459640
1839352
1815394
1459639
1471715
1471954
1471955
1471956
1471953
1471716
1839374
1471952
1399383
1389383
1389384
1389385
1389382
1836890
1389380
1389381
1389386
1839316
1819440
1819435
1989389
1389387
1389388
1389389
1383080
1383081
1383082
1830948
1380938
1990938
1820938
1819809
1383087
1383088
1383089
1383086
1383083
1383084
1383085
1989388
1839317
1839318
1391962
1390938
1819382
1819381
1819380
1391963
1399380
1399381
1399382
1391967
1391964
1391965
1391966
1989383
1989382
1989381
1989384
1989387
1989386
1989385
1989380
1819385
1819384
1819383
1819386
1819389
1819388
1819387
1736153
1669379
1737066
1736154
1736151
1734415
1570938
1736150
1850938
1738959
1738958
1739381
1739380
1570171
1738955
1737067
1738957
1738956
1730938
1841812
1573094
1859304
1575197
1576948
1717938
1576931
1860938
1733998
1733997
1570948
1733999
1733996
1859068
1573093
1571938
1571968
1739382
1879382
1879381
1841984
1879383
1879380
1569381
1569383
1739601
1569380
1750938
1879386
1879388
1879387
1879385
1770444
1770445
1879384
1770443
1739389
1739388
1771861
1771862
1739387
1739384
1739383
1739386
1739385
1569386
1841995
1770938
1569384
1569388
1739443
1771860
1841996
1569389
1716938
1841816
1841817
1841814
1841815
1841818
1669389
1669388
1841819
1660938
1870693
1870694
1779381
1779380
1701937
1778968
1841813
1701936
1870938
1669372
1669373
1669381
1669380
1669374
1669377
1669378
1669375
1669376
1669387
1669386
1669308
1871950
1669371
1669383
1669382
1669385
1669384
1779382
1710147
1710146
1775223
1775224
1710145
1869380
1871987
1871989
1871988
1580938
1713938
1715938
1713948
1869335
1580942
1775222
1580940
1580941
1779388
1779387
1778948
1779389
1778949
1779384
1779383
1779386
1779385
1871985
1871984
1869381
1871986
1871983
1869383
1778940
1582580
1869382
1879389
1759386
1759398
1841947
1759388
1769380
1759385
1759397
1780948
1769383
1879419
1879418
1759399
1841939
1769385
1769384
1769387
1769386
1759389
1759382
1879417
1759383
1769381
1760938
1759381
1759380
1841903
1841902
1840942
1841920
1841919
1769382
1780938
1759384
1759396
1780903
1841974
1780909
1760940
1780906
1780902
1841901
1780907
1769308
1769328
1780904
1780908
1780905
1841948
1780900
1879416
1879414
1840938
1560938
1560944
1780901
1736152
1759387
1879415
1980953
1303793
1869532
1869530
1869531
1899534
1899537
1899533
1999503
1899536
1899535
1899532
1899531
1899530
1899538
1899539
1303794
1980963
1775239
1759536
1775237
1775238
1775243
1309953
1759537
1309955
1775236
1313953
1711402
1759527
1313955
1711400
1759533
1711401
1775233
1307957
1399525
1399533
1307953
1399523
1399545
1980968
1399535
1399543
1399515
1399503
1307955
1775246
1775247
1775249
1399513
1399505
1775248
1829503
1459704
1470953
1459702
1459703
1470963
1829523
1815234
1815243
1815242
1816162
1816161
1816164
1816163
1816160
1459700
1459701
1452876
1816153
1476053
1476056
1829536
1760953
1760956
1829566
1829563
1829543
1829553
1301422
1999532
1815233
1815232
1999533
1300792
1829533
1999534
1300793
1816165
1999505
1816957
1869547
1759553
1829513
1669523
1669516
1669526
1816953
1559532
1759543
1869533
1303792
1759546
1759552
1869543
1869535
1759547
1301423
1816903
1669503
1301424
1870963
1816167
1816166
1452873
1816168
1816913
1669513
1816916
1816915
1870953
1999530
1999531
1759556
1759557
1320963
1820966
1323953
1769637
1769633
1846526
1846533
1320953
1820963
1325953
1362952
1769640
1325956
1994446
1769638
1364959
1363953
1363955
1370953
1319507
1769530
1830953
1769531
1830963
1769528
1734124
1830966
1769529
1846549
1820953
1370955
1846543
1990953
1769534
1769533
1989513
1989503
1346953
1346955
1330953
1739557
1329956
1769643
1346963
1739553
1329953
1769647
1750953
1332353
1332355
1336953
1338957
1340953
1330955
1338953
1328956
1351927
1770957
1846523
1325963
1351953
1361953
1361955
1351955
1771183
1846503
1325966
1328953
1769641
1846507
1846519
1770953
1846509
1846513
1734123
1769506
1860956
1389545
1860953
1717953
1389552
1389553
1389550
1389551
1730953
1389533
1769513
1730957
1389535
1859513
1389543
1859503
1313957
1389554
1759517
1759523
1759513
1389557
1759526
1390953
1390955
1389558
1389559
1716953
1715957
1389555
1389556
1715953
1759507
1759508
1769503
1759503
1769526
1819530
1769527
1819531
1819527
1769524
1769523
1819526
1769525
1819538
1819537
1734122
1819539
1819536
1819533
1819532
1819535
1819534
1389503
1319505
1389525
1389523
1389524
1389526
1389529
1319503
1389527
1389528
1389515
1850953
1389505
1389513
1850956
1389521
1389522
1389520
1819503
1879513
1572953
1559537
1890953
1780956
1879503
1559536
1522623
1780957
1780953
1879533
1510953
1534957
1534953
1879523
1520963
1810953
1520953
1520959
1500963
1570966
1840950
1590963
1500953
1840963
1570953
1660953
1570963
1840969
1559534
1880953
1590953
1559535
1550082
1550086
1571953
1522629
1550083
1576953
1809530
1809531
1537965
1580953
1809532
1809535
1809538
1809533
1809534
1560956
1880966
1537953
1789953
1880963
1789959
1537963
1537964
1537957
1560953
1889523
1512183
1889513
1788776
1788773
1576963
1510963
1800953
1576966
1559543
1520263
1559553
1809539
1580963
1582533
1512193
1879536
1889503
1889506
1780963
1559533
1550966
1550967
1559503
1559513
1779534
1781129
1779533
1784823
1550953
1779532
1839503
1479503
1840843
1550956
1569503
1559523
1559524
1840863
1840866
1781117
1529693
1529698
1839513
1530957
1530953
1780969
1559514
1569507
1781113
1840849
1781123
1550952
1779537
1779535
1839523
1870969
1779530
1839526
1660956
1779538
1550963
1840953
1779536
1869534
1779539
1780962
1781133
1779531
1996857
1830949
1996856
1332139
1841978
1738949
1739307
1800939
1739306
1739606
1739309
1339939
1534689
1841991
1738948
1537449
1380939
1537806
1738947
1820949
1841985
1537809
1338939
1739742
1820939
1479351
1821999
1770447
1537808
1537807
1338949
1750939
1739740
1990939
1739308
1373939
1537804
1739741
1821989
1537805
1336939
1534679
1739394
1739395
1569397
1365939
1808939
1889339
1739396
1739420
1739421
1739422
1889338
1739397
1739398
1739399
1739391
1995840
1994423
1364939
1739390
1533979
1569398
1533939
1995844
1362939
1739393
1995843
1995841
1995842
1739392
1739423
1841997
1821969
1534949
1830939
1534939
1534948
1841998
1530939
1535224
1535239
1568299
1535223
1770939
1803465
1803464
1533705
1569394
1569393
1839463
1351939
1739424
1889335
1569399
1533609
1368939
1351909
1569390
1534809
1368937
1534904
1829468
1829467
1829470
1829469
1829466
1829463
1829462
1829465
1829464
1999397
1999396
1999399
1999398
1839496
1829472
1829471
1829474
1829473
1829450
1313939
1829452
1829451
1313941
1999393
1841954
1999395
1999394
1829459
1829458
1829461
1829460
1829457
1829454
1829453
1829456
1829455
1769362
1769363
1769361
1559404
1559405
1769366
1783423
1769364
1769365
1559390
1559393
1559392
1559391
1769309
1559403
1760939
1559402
1841930
1841946
1879411
1556987
1556986
1879410
1550939
1839497
1309932
1309934
1783428
1879413
1783424
1783427
1879412
1783439
1556988
1556989
1829863
1879399
1539059
1841908
1320939
1879398
1759349
1879396
1320944
1879397
1788089
1539319
1539327
1879408
1539318
1839488
1319580
1879407
1780949
1759346
1879391
1789939
1879392
1329939
1879390
1330939
1560939
1537939
1780939
1759347
1879395
1759348
1323939
1880939
1879393
1323944
1879394
1999391
1840939
1786615
1999392
1841918
1315008
1759395
1999390
1315003
1769398
1769399
1839495
1769397
1839494
1841969
1841923
1879499
1784889
1829394
1829393
1829396
1829395
1829392
1539329
1539328
1829391
1829390
1759392
1759391
1759394
1759393
1759390
1829398
1829397
1879409
1829399
1738946
1510394
1839396
1510396
1510395
1582588
1899394
1899393
1582589
1778959
1810939
1510949
1779390
1890939
1510948
1510398
1510397
1510939
1510399
1509718
1839347
1509720
1509719
1839348
1509575
1452849
1509717
1509576
1899391
1899390
1818939
1899392
1870695
1811939
1870939
1870696
1870697
1779391
1399394
1399395
1399392
1399393
1399396
1399399
1582587
1399397
1399398
1519392
1519391
1391956
1391957
1519390
1399390
1399391
1580948
1580949
1869395
1779392
1779394
1779393
1778939
1778945
1778946
1980949
1980939
1779397
1869389
1779399
1779398
1869390
1779395
1869392
1869391
1779396
1471932
1479369
1471930
1471931
1479368
1839377
1839378
1471933
1471934
1871956
1669391
1891939
1669392
1891944
1471717
1669307
1669390
1871955
1479364
1479363
1479366
1479365
1479362
1891949
1479350
1479361
1479360
1471936
1471937
1839379
1471935
1471938
1815219
1479367
1471939
1814159
1669393
1500939
1871959
1660939
1660946
1839358
1669413
1669412
1839359
1669414
1509573
1502596
1509574
1839349
1839353
1839356
1839357
1839354
1839355
1871958
1813994
1459643
1459644
1813995
1669394
1470949
1813996
1813997
1669410
1669399
1669411
1815391
1669398
1669395
1459642
1669397
1669396
1839313
1819447
1889399
1839312
1529410
1839314
1571969
1819445
1819444
1850949
1529338
1989393
1989392
1529337
1989390
1529335
1529336
1989391
1573092
1576949
1809390
1779445
1779444
1809391
1819399
1819398
1809392
1520939
1841810
1841811
1859069
1889419
1889429
1860939
1779446
1730939
1576937
1989394
1529397
1383093
1383091
1383092
1529396
1383095
1383096
1529395
1383094
1529407
1529406
1529409
1529408
1819804
1734419
1383090
1529399
1529398
1383097
1774583
1774584
1570939
1570949
1989398
1989396
1989395
1989397
1529339
1989399
1529394
1383098
1383099
1850939
1529391
1570173
1529393
1529392
1819397
1519395
1519399
1809397
1809396
1519394
1519397
1869336
1809399
1519396
1580934
1809398
1391955
1580939
1390939
1819394
1519398
1819393
1819396
1819446
1819395
1819392
1819390
1519393
1809395
1819391
1879449
1839365
1839366
1839367
1999341
1999343
1841935
1841936
1879348
1999342
1839368
1839369
1999345
1889344
1999344
1840934
1994422
1879341
1879340
1999346
1889343
1889342
1829880
1829885
1829884
1829886
1839364
1879349
1879343
1879342
1829881
1829883
1829882
1989348
1869343
1999620
1989349
1990934
1889373
1850934
1879344
1999621
1999627
1999626
1839319
1999628
1999623
1999622
1999625
1999624
1869344
1836892
1879346
1839382
1989343
1879347
1989341
1999340
1989342
1989344
1869342
1989347
1869346
1889366
1989345
1879345
1889365
1989346
1839438
1871972
1871971
1841967
1841968
1839461
1859064
1870934
1871973
1899348
1899349
1879493
1879494
1839460
1871975
1841959
1830934
1889455
1860934
1829890
1889434
1839399
1874096
1996855
1980934
1874097
1890934
1839493
1889418
1871974
1839485
1839486
1869386
1829889
1839429
1839487
1889394
1839362
1850946
1899344
1839363
1891934
1839360
1839484
1839361
1899345
1889388
1999348
1999347
1989340
1899340
1899342
1899343
1841949
1899341
1889448
1829887
1869366
1899346
1829888
1841982
1899347
1871970
1869340
1999349
1891928
1880934
1889341
1891927
1869341
1889340
1891926
1891925
1535208
1710142
1710143
1535234
1535210
1535209
1803460
1771877
1775207
1710144
1771876
1803461
1535235
1809344
1809343
1809342
1809347
1809346
1809345
1808934
1808249
1537444
1809341
1809340
1362934
1373934
1533602
1788084
1789934
1533934
1533702
1380934
1383040
1383041
1786616
1784884
1530944
1533946
1367934
1368934
1800934
1775208
1364934
1775209
1534684
1534674
1533974
1534941
1534934
1534694
1732901
1519362
1335934
1813993
1813992
1332123
1336942
1510189
1732643
1539344
1539343
1336934
1814154
1732903
1510187
1732902
1510186
1330934
1732904
1815226
1814374
1510188
1815229
1815228
1815227
1537925
1730934
1770934
1510946
1510947
1537926
1351934
1809349
1809348
1351904
1537924
1537923
1510934
1810934
1539342
1539341
1510190
1732642
1732641
1732640
1339934
1539056
1338934
1338946
1539340
1383042
1399343
1399344
1399345
1399340
1399341
1399342
1399349
1521385
1521384
1399346
1399347
1399348
1391961
1521389
1780946
1521388
1526892
1526891
1390934
1391958
1391959
1391960
1780934
1521387
1521386
1519360
1519361
1519369
1520934
1779348
1779349
1519365
1519364
1519363
1519368
1519367
1519366
1779347
1521380
1778969
1779340
1521383
1521382
1521381
1779344
1779345
1779346
1779341
1779342
1779343
1388411
1388412
1388413
1529445
1529444
1388410
1388417
1388418
1388419
1388414
1388415
1388416
1529446
1383046
1383047
1383048
1383043
1383044
1383045
1529449
1529448
1529447
1383049
1530934
1783434
1529340
1526899
1526898
1716934
1529342
1529341
1526895
1526894
1526893
1526897
1526896
1717934
1529343
1529440
1529371
1529370
1529443
1529442
1529441
1529346
1529345
1529344
1713934
1713946
1715934
1560946
1560934
1479342
1479343
1819808
1479341
1669343
1669342
1669344
1669345
1303410
1568294
1568293
1568295
1479345
1669346
1568292
1820934
1479344
1568290
1568291
1820944
1739340
1500934
1303419
1739342
1739341
1739605
1571965
1308593
1660934
1304293
1571964
1479340
1739349
1452844
1669341
1669340
1739348
1739344
1739343
1739345
1739347
1739346
1829409
1829345
1829344
1829346
1829348
1829347
1829343
1829309
1829308
1829340
1829342
1829341
1750934
1479346
1829406
1829408
1829407
1479347
1479349
1829349
1479348
1570934
1570170
1821541
1821540
1821542
1821544
1821543
1569346
1569340
1568296
1569341
1569345
1569343
1821974
1569348
1821984
1821994
1569349
1821964
1821546
1821545
1821547
1821549
1821548
1309935
1559344
1559343
1559345
1319588
1320934
1818934
1556973
1556972
1559340
1559342
1559341
1470944
1819345
1819346
1459619
1819347
1819344
1819340
1319584
1819341
1819343
1819342
1323934
1326324
1326334
1326034
1769301
1769304
1326954
1510184
1510185
1509712
1550934
1509711
1732900
1733972
1509559
1556971
1760934
1323960
1509709
1509710
1733970
1323961
1733971
1313934
1313946
1311949
1573099
1311939
1509556
1315012
1734418
1509555
1735813
1999629
1735815
1502594
1309936
1471969
1311934
1471967
1471968
1735814
1310934
1315013
1509557
1819349
1559347
1471710
1559346
1509558
1459618
1459617
1471959
1576944
1471966
1575191
1576930
1582586
1819348
1471965
1476050
1476057
1476051
1512198
1476058
1470967
1470959
1470960
1470961
1889501
1476585
1476059
1889500
1470969
1470968
1889528
1889527
1512181
1510968
1512180
1889529
1512187
1500968
1500967
1500966
1889521
1889520
1889519
1890956
1890951
1890950
1890959
1890958
1890957
1510950
1510960
1510961
1510967
1510951
1510957
1510958
1889511
1479508
1479507
1512190
1512191
1479509
1479501
1479500
1889507
1512197
1889510
1889509
1889508
1500958
1500956
1500951
1889518
1500961
1500960
1500950
1500867
1500861
1500860
1889517
1500868
1512188
1559528
1559527
1559529
1559531
1559530
1559520
1559519
1559521
1559526
1559522
1559552
1559551
1559556
1559558
1559557
1559540
1559538
1559541
1559550
1559542
1559500
1550969
1559501
1559504
1559502
1550959
1550958
1550960
1550968
1550961
1559512
1559511
1559516
1559518
1559517
1559507
1559506
1559508
1559510
1559509
1559559
1576950
1572959
1576951
1576958
1576957
1572950
1571959
1572951
1572958
1572957
1580950
1576969
1580951
1580958
1580957
1576960
1576959
1576961
1576968
1576967
1570950
1569508
1570951
1570958
1570957
1560951
1560950
1560958
1569501
1569500
1571950
1570969
1571951
1571958
1571957
1570960
1570959
1570961
1570968
1570967
1534951
1534950
1534960
1534967
1534961
1530950
1529697
1530951
1533792
1530958
1537894
1537893
1537895
1537897
1537896
1534969
1534968
1537890
1537892
1537891
1520951
1520950
1520957
1520960
1520958
1520261
1520260
1520267
1520269
1520268
1522627
1522621
1522628
1529691
1529690
1520967
1520961
1520968
1522620
1520969
1880969
1879511
1879517
1879510
1879508
1879509
1879521
1879527
1879520
1879518
1879519
1550089
1550088
1550950
1550957
1550951
1879501
1879507
1879500
1550081
1550080
1880959
1880960
1880958
1880951
1880957
1880967
1880968
1537898
1880961
1537899
1879531
1879537
1879530
1879528
1879529
1537950
1880950
1537951
1879538
1879539
1332358
1332357
1332351
1997658
1997659
1332359
1332350
1330951
1330950
1329958
1330959
1330958
1330957
1338951
1338950
1336959
1340951
1340950
1338958
1336958
1997650
1997651
1997657
1336957
1336951
1336950
1329951
1320961
1320960
1320959
1323950
1320969
1320968
1320958
1319508
1319501
1319500
1320951
1320950
1319509
1328950
1325968
1325961
1329950
1328958
1328951
1325960
1323959
1323958
1323951
1325958
1325951
1325950
1994441
1363957
1363951
1363959
1363958
1994440
1363950
1362959
1362958
1362957
1994447
1994448
1994449
1372337
1372331
1372330
1990959
1372339
1372338
1370959
1370950
1364951
1364950
1370958
1370957
1370951
1362951
1346968
1346961
1346960
1351921
1351920
1346969
1346959
1346950
1340959
1340958
1346958
1346957
1346951
1361957
1361951
1361950
1362950
1361959
1361958
1351959
1351950
1351929
1351928
1351958
1351957
1351951
106480396
106480395
106480394
106480399
106480398
106480397
106480393
106480389
106480388
106480387
106480392
106480391
106480390
106486999
106486998
106486997
1300796
1999548
1999549
106486996
106486992
106486991
106486990
106486995
106486994
106486993
106480386
106474489
106474488
106474487
106478672
106478671
106478670
106474486
106474482
106474481
106474480
106474485
106474484
106474483
106480382
106480381
106480380
106480385
106480384
106480383
106478679
106478675
106478674
106478673
106478678
106478677
106478676
1303798
1303797
1303796
1303799
1999500
1999501
1999507
1999511
1999512
1999513
1999508
1999509
1999510
1313950
1309959
1309958
1313959
1313958
1313951
1309957
1307958
1307951
1307950
1309951
1309950
1307959
1999514
1300799
1999535
1999536
1999529
1301426
1301425
1999537
1300797
1999542
1999543
1999538
1999539
1300798
1999518
1999519
1301429
1999515
1999516
1999517
1301428
1999526
1999527
1999528
1301427
1999524
1999525
1990958
1899507
1899508
1899509
1899504
1899505
1899506
1899510
1899514
1899515
1899516
1899511
1899512
1899513
144014683
144014682
144014681
144014686
144014685
144014684
144014680
1899501
1899502
1899503
144014679
144014678
1899500
1899517
144014663
144014662
144014661
144014666
144014665
144014664
144014660
144010286
144010285
144010284
144010289
144010288
144010287
144014676
144014675
144014674
1899518
1899519
144014677
144014673
144014669
144014668
144014667
144014672
144014671
144014670
1452879
1452878
1452871
1459502
1459501
1459500
1452870
144029056
144029055
144029054
144029059
144029058
144029057
1470951
1470950
1459600
1470958
1470957
1470956
1459509
1459505
1459504
1459503
1459508
1459507
1459506
144029053
144029036
144029035
144029034
144029039
144029038
144029037
144029033
144014689
144014688
144014687
144029032
144029031
144029030
144029049
144029048
144029047
144029052
144029051
144029050
144029046
144029042
144029041
144029040
144029045
144029044
144029043
1389563
1389562
1389561
1389566
1389565
1389564
1389560
1389541
1389540
1389539
1389549
1389548
1389547
1399501
1399500
1390959
1399509
1399508
1399507
1390958
1389569
1389568
1389567
1390957
1390951
1390950
1389538
1989508
1989509
1989510
1989500
1989501
1989507
1989511
1990950
1990951
1990957
1989516
1989517
1989518
1389519
1389518
1389517
1389537
1389531
1389530
1389511
1389507
1389501
1389500
1389510
1389509
1389508
1980950
1980951
144009787
144009790
144009789
144009788
144009786
1980958
1980960
1980961
144009785
1980956
1980957
144010280
144009799
144009798
144010283
144010282
144010281
144009797
144009793
144009792
144009791
144009796
144009795
144009794
144009784
1399529
1399528
1399527
1399537
1399531
1399530
1399521
1399517
1399511
1399510
1399520
1399519
1399518
1980967
144009781
144009780
144009783
144009782
1980966
1399549
1399540
1399539
1399538
1399548
1399547
1399541
1739846
1739845
1739844
1739849
1739848
1739847
1739840
1739558
1739551
1739843
1739842
1739841
1759501
1759500
1750959
1759521
1759518
1759511
1829560
1750951
1750950
1750958
1750957
1750956
1739509
1739508
1739507
1739510
1846510
1846511
1739504
1739503
1846521
1739506
1739505
1846518
1739517
1846500
1846501
1739550
1739519
1739518
1739513
1739512
1739511
1739516
1739515
1739514
1769537
1769536
1769521
1769630
1769539
1769538
1769517
1769516
1769511
1769520
1769519
1769518
1771187
1771184
1771181
1775230
1771189
1771188
1770950
1769648
1769631
1771180
1770958
1770951
1759541
1759540
1759539
1759550
1759549
1759548
1759530
1759529
1759528
1759538
1759532
1759531
1769507
1769501
1769500
1769510
1769509
1769508
1759559
1759558
1759551
1760958
1760951
1760950
1721357
1718969
1718968
1721360
1721359
1721358
1718964
1718963
1718962
1718967
1718966
1718965
1859515
1859516
1859517
1859512
1721849
1859514
1721846
1721845
1721361
1859518
1721848
1721847
1717959
1717958
1717957
1718952
1718951
1718950
1716958
1716957
1716956
1717951
1717950
1716959
1860950
1860951
1718958
1718961
1718960
1718959
1860958
1718954
1718953
1718957
1718956
1718955
1849014
1849015
1849016
1846547
1846548
1849013
1850958
1730958
1730951
1849017
1850951
1850957
1846527
1846528
1846529
1739502
1739501
1739500
1846538
1846540
1846541
1846530
1846531
1846537
1724498
1724497
1859505
1729537
1859501
1729536
1859509
1724496
1859511
1859506
1859507
1859508
1729546
1729545
1729544
1730950
1729628
1729547
1729540
1729539
1729538
1729543
1729542
1729541
1775231
1819510
1819509
1819508
1819513
1819512
1819511
1816958
1816951
1816950
1819501
1819500
1816959
1819523
1819522
1819521
1830967
1830968
1830969
1819516
1819515
1819514
1819519
1819518
1819517
1815231
1815230
1810959
1815250
1815249
1815248
1810950
1810095
1809549
1810958
1810957
1810951
1816908
1816901
1816900
1816911
1816910
1816909
1816151
1816150
1815251
1816159
1816158
1816157
1829538
1829537
1829531
1829541
1829540
1829539
1829521
1829520
1829519
1829530
1829528
1829527
1829557
1829567
1829568
1829561
1829559
1829558
1829549
1829548
1829547
1829569
1829551
1829550
1820951
1820950
1830950
1820960
1820958
1820957
1830959
1830960
1830961
1830951
1830957
1830958
1829510
1829509
1829508
1829518
1829517
1829511
1820968
1820967
1820961
1829507
1829501
1829500
1780968
1780967
1780966
1840867
1781111
1781110
1780951
1780950
1840951
1780961
1780960
1780958
1840841
1781131
1781130
1839528
1839529
1840840
1840861
1781121
1781120
1781128
1781127
1781126
1779506
1779505
1779504
1779509
1779508
1779507
1779500
1775241
1775240
1779503
1779502
1779501
1779518
1779517
1779516
1840958
1779519
1840960
1779512
1779511
1779510
1779515
1779514
1779513
1800957
1800951
1800950
1809510
1800959
1800958
1789950
1788779
1788778
1789958
1789957
1789951
1809519
1809518
1809517
1809548
1809547
1809527
1809513
1809512
1809511
1809516
1809515
1809514
1839517
1839518
1839519
1839509
1839510
1839511
1781137
1781136
1839527
1839520
1839521
1781138
1784829
1784828
1784827
1788777
1788771
1788770
1784820
1839507
1839508
1839500
1839501
1784821
1869512
1869513
1709954
1704958
1869510
1869511
1669518
1869514
1869515
1669524
1669521
1669520
1869553
1708958
1708959
1709950
1708956
1703853
1708957
1709952
1709953
1869555
1709951
1869558
1869557
1709955
1704593
1870951
1709957
1704590
1704591
1704592
1704957
1704594
1704956
1669509
1709958
1709959
1869545
1669514
1869549
1869518
1709956
1869516
1869517
1870950
1703854
1869546
1669511
1869519
1669510
1708955
1704979
1700951
1705438
1704967
1704966
1704978
1702950
1705439
1702951
1700950
1701953
1669533
1701952
1704977
1704974
1704973
1704976
1701950
1704975
1704970
1704969
1704968
1704972
1704971
1701951
1704965
1708951
1704962
1704961
1669528
1705865
1708950
1708952
1708953
1708954
1704960
1704959
1702953
1705718
1704963
1705440
1669531
1704964
1702952
1669532
1705443
1705444
1705445
1669529
1705441
1705442
1712978
1712957
1712979
1712955
1712956
1590951
1704950
1590950
1660959
1660958
1582538
1669500
1669501
1712953
1870961
1712972
1712962
1870968
1712954
1870967
1590958
1712961
1712975
1660950
1712976
1660951
1869529
1712973
1704952
1704599
1712974
1590961
1704951
1712959
1712958
1590960
1704597
1704598
1704596
1712977
1712960
1870960
1869527
1712965
1716951
1716950
1704955
1712971
1715958
1869526
1715959
1712966
1580960
1580961
1712970
1712969
1580966
1669508
1712967
1712968
1580968
1582530
1590967
1870957
1704595
1715951
1712951
1712952
1582537
1869538
1870958
1870959
1704953
1869525
1582531
1704954
1712964
1869528
1712963
1712950
1590968
1784886
1839465
1368936
1800936
1368949
1368948
1368932
1701939
1701938
1364936
1556995
1399369
1556998
1788086
1399368
1556997
1839482
1879404
1556996
1789936
1559367
1559368
1559369
1559365
1559366
1879444
1989361
1559409
1989360
1390936
1559406
1559407
1559408
1559364
1989366
1989367
1989368
1989363
1989364
1989365
1989369
1559361
1559362
1559363
1989362
1840936
1559360
1780936
1399360
1399361
1399362
1383060
1783436
1990936
1399363
1399365
1399366
1399367
1870690
1380936
1399364
1383061
1391973
1383066
1383065
1383069
1383068
1383067
1783425
1391974
1391975
1383062
1783426
1383064
1383063
1839464
1819365
1819364
1819366
1315000
1315014
1819361
1819360
1819363
1819362
1819443
1819442
1569360
1311936
1313936
1819368
1819367
1819441
1819369
1999366
1999365
1999368
1999367
1999364
1999361
1999360
1999363
1999362
1319596
1818962
1818964
1818963
1320936
1818936
1999369
1818961
1818960
1829366
1829365
1829858
1571966
1829364
1829361
1829360
1829363
1829362
1999611
1999610
1580936
1999612
1871977
1829856
1829857
1871976
1575196
1304292
1308592
1819806
1570936
1569368
1569364
1569361
1309938
1569366
1821966
1660936
1821996
1821986
1301411
1820946
1820936
1301412
1871957
1809369
1809368
1995900
1351906
1351936
1809365
1809364
1809367
1809366
1568260
1560936
1339936
1339944
1870936
1995902
1995901
1995904
1995903
1808245
1839458
1808247
1808246
1808244
1808241
1808240
1808243
1808242
1809361
1809360
1809363
1809362
1809334
1362936
1808946
1808948
1808947
1330936
1568268
1879369
1326934
1568267
1332136
1813984
1814156
1813985
1323948
1879363
1322044
1323936
1879364
1879367
1879368
1879365
1879366
1568264
1568263
1568265
1336936
1568262
1996859
1996858
1810936
1568261
1813982
1813981
1813983
1839389
1813980
1811936
1568266
1335936
1813975
1533936
1732905
1869347
1732648
1539360
1732649
1739369
1732906
1539361
1519340
1519341
1519342
1471907
1859066
1732646
1869364
1510390
1471711
1534366
1471909
1533976
1841956
1732647
1471908
1732907
1769326
1509564
1530936
1739366
1769306
1732909
1539366
1537800
1537446
1539365
1537936
1739365
1519345
1760936
1539362
1519343
1732908
1519344
1739367
1530946
1539364
1539363
1519346
1739368
1452846
1537975
1880936
1537972
1537973
1537974
1537978
1537979
1750936
1537976
1537977
1470946
1537928
1869361
1459627
1889325
1890936
1869360
1537927
1537970
1537971
1459628
1534936
1459629
1539067
1534687
1534686
1534676
1539068
1534696
1869363
1510393
1510392
1510391
1510936
1859302
1841966
1899362
1899363
1534806
1841976
1899360
1899361
1899366
1899367
1869362
1730936
1899364
1899365
1539367
1778936
1778937
1739360
1529362
1529361
1529360
1738937
1778938
1500936
1889406
1738938
1775221
1980940
1980942
1550946
1535215
1550944
1771863
1771865
1775220
1980946
1980944
1771864
1778956
1556990
1529307
1556980
1779368
1779369
1556991
1556994
1535248
1529308
1556992
1556993
1779367
1529309
1889396
1535216
1779360
1779361
1779362
1779365
1779366
1779364
1738936
1779363
1770936
1879491
1770442
1535249
1879492
1879490
1737063
1891936
1529402
1889426
1889376
1889369
1734410
1860936
1539408
1739364
1539407
1739363
1889368
1739361
1850936
1739362
1520936
1502589
1550942
1502587
1529363
1529400
1550936
1737064
1737065
1550940
1502588
1529401
1980936
1889416
1510956
1320955
1730956
1325957
1734128
1890955
1323955
1750955
1734127
1734129
1323957
1850950
1816905
1730955
1816955
1500965
1816906
1816907
1500969
1320957
1850955
1320964
1320965
1500957
1320967
1510955
1325955
1534958
1520955
1829505
1520265
1999556
1529695
1829506
1860955
1829515
1520965
1590965
1572955
1999547
1529699
1999546
1530955
1999545
1999550
1999554
1999555
1999553
1999551
1999552
1590959
1717955
1716955
1576965
1829546
1717956
1580967
1580955
1580956
1829565
1580965
1829555
1829525
1576955
1590955
1590956
1860957
1829535
1715955
1829545
1582535
1576956
1522625
1859500
1819525
1512185
1569505
1569509
1819550
1819553
1570955
1999506
1819551
1819552
1510965
1534955
1819507
1669505
1819505
1711408
1870956
1889525
1870955
1711409
1889526
1889515
1512199
1660957
1889505
1819559
1512195
1820955
1820965
1530956
1660955
1571955
1571956
1819555
1819556
1830965
1512189
1819554
1819557
1819558
1830955
1570965
1870965
1870966
1869554
1989519
1760957
1879505
1769505
1989515
1784825
1559525
1869559
1869556
1760955
1839505
1550085
1869551
1559515
1869548
1550087
1869550
1839515
1769515
1869552
1769535
1989505
1839516
1759542
1759535
1373951
1373952
1990955
1990956
1879526
1372335
1372334
1373950
1788775
1879525
1373959
1373958
1373957
1784826
1879515
1759555
1759545
1373954
1373953
1373956
1373955
1759554
1779557
1779558
1779559
1779554
1779555
1779556
1775245
1980955
1775235
1980959
1869537
1780955
1550965
1550962
1980965
1840967
1840965
1840961
1779551
1779552
1779553
1840957
1779550
1840955
1840845
1899545
1769649
1840848
1899547
1899546
1769645
1769639
1769635
1559505
1781135
1839525
1770956
1781115
1840865
1780965
1771185
1840869
1899548
1840860
1781125
1781119
1770955
1899549
1336955
1476055
1810955
1809559
1880965
1846525
1846535
1846539
1479505
1810956
1997655
1997656
1809552
1809553
1809554
1340957
1340955
1809551
1809556
1809557
1809558
1338956
1338955
1809555
1500869
1669517
1669515
1815247
1328957
1328955
1325965
1500955
1325959
1325969
1816155
1325967
1500865
1815238
1815239
1479506
1846545
1500863
1329955
1815245
1815246
1815240
1815241
1329957
1559549
1800955
1800956
1559548
1364958
1364955
1362953
1452875
1739556
1994442
1994443
1362955
1759516
1559546
1789955
1372333
1759525
1759519
1759509
1759505
1879535
1759515
1559547
1759510
1346965
1880955
1470955
1459609
1846505
1346967
1669525
1846515
1809550
1470965
1560955
1560957
1537958
1537955
1559555
1739555
1537969
1537968
1459606
1459607
1459608
1351925
1351924
1351923